GO:0030488 0.00092
GO:0035278 0.00092
GO:0097428 0.00276
GO:0006310 0.02283
