GO:0016573 1.9e-05
GO:0009082 0.00066
GO:0006355 0.02561
GO:0051607 0.02865
